1651 9 108a 1 f0 2
0
4
24
56
96
148
204
256
296
312
292
220
88
-112
-368
-672
-996
-1300
-1540
-1664
-1624
-1376
-880
-124
900
2180
3692
5400
7264
9244
11304
13408
15524
17628
19692
21688
23588
25360
26960
28352
29488
30316
30792
30872
30520
29700
28396
26596
24304
21540
18336
14748
10844
6700
2404
-1944
-6252
-10432
-14404
-18096
-21448
-24416
-26968
-29072
-30700
-31820
-32416
-32460
-31940
-30864
-29236
-27088
-24460
-21412
-18000
-14296
-10368
-6284
-2104
2100
6280
10364
14292
17996
21408
24456
27084
29232
30860
31936
32456
32412
31816
30696
29068
26964
24412
21452
18116
14456
10528
6400
2148
-2152
-6404
-10532
-14460
-18120
-21456
-24416
-26968
-29072
-30700
-31820
-32416
-32460
-31940
-30864
-29236
-27088
-24460
-21412
-18000
-14296
-10368
-6284
-2104
2100
6280
10364
14292
17996
21408
24456
27084
29232
30860
31936
32456
32412
31816
30696
29068
26964
24412
21452
18116
14456
10528
6400
2148
-2152
-6404
-10532
-14460
-18120
-21456
-24416
-26968
-29072
-30700
-31820
-32416
-32460
-31940
-30864
-29236
-27088
-24460
-21412
-18000
-14296
-10368
-6284
-2104
2100
6280
10364
14292
17996
21408
24456
27084
29232
30860
31936
32456
32412
31816
30696
29068
26964
24412
21452
18116
14456
10528
6400
2148
-2152
-6404
-10532
-14460
-18120
-21456
-24416
-26968
-29072
-30700
-31820
-32416
-32460
-31940
-30864
-29236
-27088
-24460
-21412
-18000
-14296
-10368
-6284
-2104
2100
6280
10364
14292
17996
21408
24456
27084
29232
30860
31936
32456
32412
31816
30696
29068
26964
